100
1 4 47 41 44 24 36 18 45 27 17 34
2 28 43 12 29 5 7 46 6 3 23 27 26 50 13
3 9 24 38 10 41 32
4 21 42 22 40 36 24 45 31 9 37 16 34 13 14 29 17 49
5 44 37 40 16 23 48 35 4 9 12 8
6 23 26 28 48 42 12 37 49 6 17 3 16 44 47 41 34 11 30 33 2 38 14 8 50 7 22 35 24 20 1 45 25 5 9 39 36 15 4 19 29 13 31 46 21 40 10 32
7 36 22 25 26 30 12 44 4 5 7 45 21
8 40 7 46 28 13 23 10 39 50 11
9 16 24 23 19 47 42 29 26 12 5 14 25 50 7 37 6 2 45 20 30 13 21 39 28 34 22 17 44 46 49 31 48 11 41 1 4 38 32 35 9 18 36 27 3 43 8 10 40 33
10 34 24 39 42 11 41 31 48 5
11 6 50 36 26 11 47 29 3 44 18 17 30 21 28 45 12 33 49 10 19 38 31 34 25 39 15 37 5 8 2 46 14 4 1 42 9
12 9 22 43 39 33 47
13 23 31 32 10 15 4 27 16 8 41 30 44 17 50 18 29 38 1 47
14 32 19 28 47 11 45 49 22 34 8 12 2 39 20 26 14 38 44 43 35 4 37 27 17 29 36 42
15 20 2
16 11 49 24 44 33 38 8 26 7 21 1 10 39 42 28 19 23 41 22 17 15 47 45 3 31 29 2 30 46 25 50 14 32 27 48 43 34 4
17 28 43 26 18 24 42 9 6 36 14 47 38 1 12 27 13 46 23 21 45 44 39 10 31 30 34 22
18 29 16 25 47 1 42 48 17 35 40 45 44 12 36 9 2 34 24 43 33
19 35 20 45 21 2 43 9 5 12 38 30 36 41 19 15 48 14 7 42 34 16 44 27 24 4 23 1 50 31 29 10
20 15 31 49 43 39 30 28 12 25 8 32
21 26 25 49 39 31 48 34 15 35 42 33 29 12 14 23 22 3 10 17
22 30 39 45 48 22 41 49 24 27 19 36 42 31 15 38 16 5 4 44 46 47 28 18 32 9 12 26 34 29 8 43 25 40 23 10 20 3
23 6 26 44 25 34 12 41 47 17 1 13 50 22
24 45 7 22 14 41 43 44 23 9 25 24 47 1 32 39 8 10 33 20 38 28 42 21 2 40 50 17 31 16 26 37 48 15 19 35 6 27 12
25 15 9 35 37 10 17 29 31 14 22
26 16 36 50 22 27 23 24 40 17 9 37 48 25 4 21 2 46 47 10 18 11 31 39 26 7 42 14
27 43 31 44 17 7 21 18 47 29 2 9 30 22 15 26 25 24 48 28 23 19 41 8 46 50 5 45 38 34 37 16 39 14 10 12 4 13 11 36 3 35
28 33 40 24 46 34 10 6 28 36 48 1 38 14 11 4 3 32 45 25 26 15 7 43 18 19 13 8 42 2 37 49 17 35 50 9 20 21 47 29 27 16 22 31 12 44 5 39 30 41 23
29 49 48 40 30 10 16 37 34 14 17 5 42 21 24 25 9 23 45 41 7 19 8 12 26 39 32 36 31 27 1 35 11 6 15 2 50 44 4 46 20 33 13 3 38 47 43 22 29
30 34 31 23 21 2 16 50 10 22 14 30 29 17 26 27 25 32 49 47 11 6 28 18 41 33 7 40 35 42 24 36 43 46 15 39 20 12 45
31 22 3 37 26 21 11 34 36 5 39 16 12 27 19 32 44 23
32 13 47 21 50 31 48 10 4 34 2 25 17 26 3 41 37 44 27 28 20 11 16 33 18 23 19 6 36 45 8 12 5 1 35
33 34 10 22 2 35 36 44 21 32 37 11 18 43 48 23 30 16 20
34 27 46
35 50 9 11 40 41 5 30 31 8 16 45 46 4 2 13 37 6 17 28 33 39 14 1 19 25 12 47 42 44 48 27 3 34 18 32 26 10 15 43 22 24 49 20
36 44 23 38 9 25 28 10 40 37 50 17 18 11 22 41 15 31 3 27 14 5 46 32 8 21 36
37 32 39 16 40 43 1 27 6 46 41 29 23 28 14 34 9 15 4 47 17 36 12 24 25 42 11 33 7 48 20 26 5
38 4 34 46 14 47 17 49 5 15 30 19 45 41 36 2 24 31 12 23 6 32 22 10 35 40 1 37 9 26 7 50 8 18 33 3 44 20 21 28 29 13
39 41
40 39 35 6 3 47 15 20 49 9 12 38 28 37 41 30 43 40 36 34 18 31
41 8 12 44 4 25 30 7 24 15 9
42 30 47 4 43 23 21 3 25 24 37 38
43 33 26 28 25 44 35 30 4 5 21 9 7 36 14 8 48 11 18 10 19 20 41 22 38 17 47 1 42 45 43 34 29 39 15 31 6 16
44 45 35 34 12 11 20 43 33 3 39 9 8 38 21 5 7 4 36 17 27 41 2 24 31 46 44 13 22 47 15 50 29 49 28 40 1 19 32
45 48 22 33 50 15 5 42 32 23 30 10 47 39 25 28 2 36 44 31 9 13 18 17 4 37 46 3 21 6 7 35 12 11 24
46 28 38 10 26 22 32
47 24
48 34 5 47 36 43 21 14 41 12 1 6 42 10 27 16 48 45 25 2 3 30 29 9 23 15 44 38 32
49 17 26 14 38 44 47 6 1 31 12 2 18 24 40 28 11 43 5 9
50 13 21 14 17 31 35 11 24 34 39 46 22 25 27 41 30 7 15 28 6 9 26 49 23 32 8 44 4 19 29 3 50 2 37 36 43 47 45 38 12
51 1 6 9 47 17 49 42 44 50 41 3 20 29 8 10 27 28 30 32 12 25 34 19
52 41 12 3 50 14 2 1 5 27 21 26 11 15 46 43 45 37 30 34 29 38 17 7 42 22 19 25 47 10 49 28 13 23 31 20 24 9 16 40 36 18 39 6 33 48 32
53 38 25 17 31 40 47 22 8 41 27 23 35 36 43 20 4 15 21 44 3 49 9 30
54 42 24 47 33 9 1 34 4 44 45 31 3 26 36 8 28 2 50 39 20 41 32 27 29 12 11 18 6 40 7 49 21 37 22 46 30 25 16 23
55 43 47 38 2 7 26 40 22 45 46 9 11 24 15 20 41 42 34 14 10 28 3 31 29 5 6 13 30 8 39 27 17 50 32 18
56 50 21 2 36 32 4 34 47 11 29 49 39 28 3 44 15 16 6 17 13 45 14 5 20 37 18 22 41 12 48 10
57 9 50
58 47 50 41 12 29 9 37 23 42 26 30 17 21 36 32 4 28 18 25 31 19 43 48 49
59 30 41 26 11 34 50 3 38 37 14 49 33 6 42 25 44 35 28 22 9 10 46 17 15 21 29 20 5 40 39 31 1 48 32
60 31 32 27 12 26 35
61 40 20 43 30 26 3 21 14 44 45 15 27 38 6 28 4 18 29 2 49 25 22 1 35 7 16 33 36 11 32 34 10
62 40 16 45 1
63 41 10 48 17 43 26 8 15 27 39 44 45
64 28 18 7
65 41 27 11
66 19 7 35 33 17 46 4 21 20 44 45 6 18
67 37 42 27 9 26 34 33 45 2 7 17 47 44 21 38 19 25 30 14
68 29 7 28 5 33 6 3 34 8 2 39 36 11 18 26 12 16 41 27 42 22 25 13 44 14 45 35 40 46 43 37 50 24 31 21 19 1 32 30 23 49 17 47 15 9
69 36 2 8 3 41 30 22 1 13 14 49 7 15 11 34 29 28 10 43 44 21 23 27 50 9 16 40 38 26 32 12 45 35 24 4 18 39 6 47 20 46 5 17 42 48 25 33 31 19 37
70 13 26 38 42 4 10 43 33 17 19 9
71 41 19 25 6 43 1 8 40 5 9 44 36 18 33 15 12 30 14 4 16 2 42 20 39 13 49 28 32 45 17 21 29 27 10 34 47 46 35 31 37 3 38 11 23 48 50 22
72 9 48
73 39 32 42 21 43 48 3 16 35 6 7 2 22 34
74 11 42 9 6 7 23 45 10 46 31 24 44 34 35 19 13 49 14 41 28 33 43 48 39 32 15 25 29 38 40 18 17 1 30 36 12 50
75 18 25 36 42 46 13 24 47 45 9 30 39 29 12 48 14 10 15 33 3 5 19 20 4 31 6 34 37 49 41 43 16 23 27
76 8 4 45 29 24 43 11 22 48 20 5 17 35 13 36 38 28 1 39 50 23 47 16
77 25 13 30 4 8 49 2 50 22 37 17
78 43 42 39 8 49 31 34 4 47 20 48 30
79 11 17 39 38 1 30 15 5 2 26 47 43 37 32 12 36 16 13 19 33 35 22 40 20 18 28 6 41 34 48
80 16 49 19 12 32
81 31 34 16 7 47 20
82 26 10 39 31 18 47 27 44 32 5 3 11 35 8 45 12 43 20 1
83 48 5 36 11 35 29 8 4 26 2 21 6 24 15 17 47 33 40 25 3 50 12 9 44 34 13 38 14 45 42 30 16 20 28 31 10 41 39 1 7 32 18 46 43 22
84 5 39 47 36 34 42 21 22 19 2 27 7
85 34 35 23 4 16 49 18 11 50 6 2 17
86 33 47 12 42 28 13 41 46 37 31 30 7 22 43 15 23 25 39 5 10 9 27 34 20 17 11 6 3 24 2 50 45 48 21 26 16 38 49 4 40 18 19 8 32 14 35
87 23 5 13 44 1 22 7 12 9 4 17 16 36
88 28 7 12 43 33 1 6 29
89 40 4 15 39 20 36 44 47 21 32 10 30 46 31 35 24 7 50 17 9 6 3 43 25 12 14
90 39 7 40 18 13 50 42 33 35 20 19 14
91 5 6 1
92 48 8 33 25 18 37 22 12 34 7 19 4 2 9 50 24 45 38 49 41 32 30 47 44 36 21 5 35 20 13 40 14 11 17 10 39 31 43 46 42
93 47 15 33 10 44 17 16 25 39 45 12 43 36 8 30 26 49 46 31 6 9 37 41
94 39 41 29 23 49 43 14 48 40 5 1 6 31 7
95 25 3 9 7 48
96 47 38 35
97 6 16 9 27 35 2 8 39 13 46 31 26 24 7 43 33 48 21 42 45 37 38 28 32 49 20 3 23 15 11 18 17 40 19 30 12 1 25
98 4 44 49 18 36 1 39 11 42 40 7 31 8 12 46 26 20 19 25 29 30 17 34 13 47 21 23 33 28 10 6 22 15 3 2 37 35 41 43 9 45 32 5 24 38 50 14 16 48
99 42 25 28 43 47 20 46 39 37 12 5 26 15 48 18 22 23 4
100 50 23 16 8 20 28 14 35 44 19 7 9 40 42 10 6 25 32 17 3 41 21 1 33 18 26 5 48 49 43 47 24
