50
1 23 14 13 24 15 17 12 28 1 16 5 20 27 26 22 40 29 8 32
2 24 37 38 22 30 31 35
3 11 28 33 3 22 8 40 39 26 7 32 6 21 31 36 14 17 27 5 34 35 1 30 23 38 12 20 4 16 29 37 18 2 10 24
4 21 24 9 10 8
5 35 3 40 27 33 23 20 6 28 22 10 8 24 17 4 9 11 16 37 7 13 1 39 14 18 19 38 26 12 2 31 32 21 15 25 29 5 30 36 34
6 18 15 31 11 16 6 13
7 10 36 17 2 39 26 40 6 35 38 33 18 5 3 4 31
8 19 18 32 12 5 37 21 35 33 31 22 29 3 27 4 17 14
9 26
10 23 26 2 32 6 13 25 39 38 11 22 36 16 37 12 35 33 14
11 8
12 1 18 8 34 39 21 6 7 32 5 36 10 9 13 17 28 24 4 31 20 40 29 3 37 22 25 15 12 38 26
13 23 13 17 38 21
14 15 8 14 27 3 21 22 39 19 24 5 4 30 17 11 28 37 16 34
15 32 24 6 37 22 35 34 13 39 1 9 17 4 25 30 29 12 21 10 5 7 31
16 20 25 23 21 1 32 26 18 40 33 14 16 7 30 2 13 10 15 3 39 8 4
17 2 17 33 1 30 5 40 24
18 31 24 2 26 5 8 15 19 20 36 35 12 17 23 6 10 18 32 33 29 25 40 21 9 16 7 28 38 22 4
19 4 12 24 5 37 9 32 27
20 26 17 33 29 31 12 19 38 18 7 8 22 27 15 28 23 6 11 14 40 24 34 36 16 37 35
21 35 22 28 32 4 34 36 29 13 6 19 31 10 23 12 16 25 26 17 40 3 37 38 30 33 7 9 2 39 27 24 20 14 1 15 5 21 18 11
22 19 22 24 16 10 6 38 34 30 18 39 37 9 13 32 1 2 35 14 7 31 23 28 29 40
23 28 36 38 29 9 37 3 2 1 18 16 6 39 19 7 13 20
24 15 37 9 29 27 20 16 4 31 33 22 3 32 40 10 5 6 28 17 19 7 34 21 11 39 35 26 1 25 38 8 12 18 23 2 36 24
25 33 39 6 20 17 11 27 1 40 8
26 23 33 12 11 30 18 20 3 2 6 16 13 29 39 9 37 34 7 22 14 8 17 24 21 15 38 36 27 4 1
27 14 7 25 9 11 27 20 35 13 18 28 34 6 16 24 10 15 22 31 39
28 4 33 3 36 12 14 6 17 7 10 40 21 1 5
29 27 30 2 39 20 25 24 15 1 4 36 28 17 38 9 21 35
30 19 1 9 4 16 6 21 10 8
31 33 16 27 15 25 32 7 3 30 17 40
32 40 8 38 32 37 24 18 19 3
33 3 13 20 15
34 40 37 8 20 18 19 34 1 32 10 25 9 13 16 7 14 24
35 27 40
36 6 2 15 5 1 4 21 9 18 32 38 29 31 39 28 34 12 26
37 16 4 38 20 2 7 21 37 35 11 40 8 12 27 25 31 24 13 26 17 18 3 22 1 36 19 23 10 33 34 29 14 30 9 15 6
38 20 24 39 28 37 6 11 40
39 9 38 20 37 35
40 29 34 2 20 40 4 16 19 5 27 37 18 21 8 39 38 3 33 28
41 36 20 9 35 11 4 8 27 24 32 3 17 26 25 38 10 5 21 1 40 34 16 22 18 37 15 14 23 19 39 29 30 31 33 2 7 12 13 6 28
42 26 8 19 39 29 12
43 24 12 10 7 4 8
44 25 23 7 17 13 28 15 16 14 29 19 27 26 2 6 37 33 1 9 8 11 35 21 40 10 20 31 18 5 38 3 30 34 39 32 12 4 22 24
45 18 28 22 29 6 33 2 8 15 38 26 1 36
46 30 17 28 31 8 9 18 12 7 33 20 29 36 4 10 6 11 16 3 2
47 12 31 24 5 22 27 33 9 28 26 8 13 14 17 39 40 2 20 19 21 30 4 34 7 6 18 16 1 37 10 38 36 11 32
48 25 21 34 14 19 37 27 28 39 5 32 20 9 35 4 38 31 17 15 22 2 12 3 40 8 29 1 10 13 16 30 24 36 7
49 38 24 3 25 32 13 15 17 30 18 29 11 23 12 5 39 26 36 4 31 33 8 7 22 19 34 21 37 1
50 31 4 27
