20
1 19 17 6 12 9 13 1 4 3 2 14 11 15 5 18 7 16 8 20
2 19 12 20 5 3 7 1 14 17 18 11 13 10 9 4 6 8 15 16 2
3 19 1 13 11 8 4 5 6
4 13 19 20 2 11 16 9 7 14 17 18 4 5 15 10 3 6 1
5 16 13 10 8
6 19 5 13 10 2 1 12 17 3 15 14 8 4
7 16 4 12 7 18 14 11 13 10 1 17 9 3 6
8 9 2 16 15 12 1 18 4
9 14 7 2
10 16 9 8 10 15 1 6 4 17 11
11 4 11 16 20 1 19 7 10 13 12 8 6 5
12 10 12 16 17 15 9 5 7 8 18 20 19 2 3 4 14
13 17 11 13 4 12
14 4 15 8 11 1 9 12 17 14
15 16 6 12 7 19 3 1 15 2
16 19 17 18 14 9
17 20 7 16 18 1 3 11 8 12 2 5
18 19 5 3 18 11 8 9 20 10 2 7 1 15 4 17 16
19 3 13 7
20 20 4 8 11 7 1 12 10 13 16
